0.0072973525692838009972851054723806629995641725396427091854046825324859725863110027625499750568
334431307137891353553340871247997228971740786859124080792096640952027236750276348165539172992414
922313084742685216025575326539782778212370864550815692421343130643858014493994192348072879018997
958572652972487520159063416862840147178198127273560182193151608472906798930080245104858544002351
551639179467025377485871034820424904819371638008226602313063146343670710175050215242469903305381
099869046056833211410096506646657821740179942212504098480947596458944381816944943568344319530555
457317133249045269717894255259837944856121208411491965662920747294392442606234184639870314347884
912284350683001661220692724015419814355544030707261379703205627380980031899139931348781776007831
689868174605991050758288503275486693545839365644202355061714108897443782553942516995665291816329
670191290296219401080269036585332484543443049850850372097469738075988420399000466169471324078002
513396569744724067897339759132531987823833353046744398860733940950455414324993950528165415441372
927376259803111134602366392355309284778870476055728588543787998424636746633060160082441699139740
220308735295291813699148886559899086519232715151607489648671398326578333980362933808204380907295
136722957452600429925587312008649781559302070914962580233916067067688514886546741846226582436247
932768333546424446520065946126346122560502916388440532307194731624055183832304508534635936378674
948622295086600063468890318271631800933109373351246526403348636800571465607024745227282034821584
937499753190848985822892517920295657673623235741417813745340860157899615754808247358896584594821
218579312537348016507766805924294300593071347354196908494810518892587084821644027681371115705774
014156289692977073392744771977785775474701643343840216922606257614010904027144531828090073145905
070096921930452658493669365804592363089067477440773306609947027455558795298073431578689084447632
673472067557555696338840289230674095291073861026267812258051294180398193999816097163457412186386
542158499847295010977276986883210501550415183265426297628808081785697749739687591093652634342359
642802862820146180180888529096150008452176163456219215819196834647616567571995878890299438808879
978725779983728173917249537594754602211426120499173027855737455739084443816667220728731988784817
963420391595435882849197955401036809312561252203195241929778548918334740157051829247170918865345
705402336466000292485356985289957531692048292458724139705722416260007008588968033356635524157220
569229596032066987011308150958098689236454532477574263744152817130311364152037959596018726559718
163228935803839630909771805498330711766261872759904994806367929397731532502979181511457552835379
641459106873010965469621030601541337925047117127664330992305581032615828718335071038510544341968
203457229086471994773339493443994869191319784853994550943961376166850560972981182603187986840629
355100697204874714705666798984866622183496489341273828776883186569302286000216347340904943233479
578106911634987945735838482750618357836139228480861782470963026635317524570825244471125570906874
439290971324029233976531559116487175850354734299355562935497324600359369751034307646723173672855
835867923789214963352207651165747818635006348306614541060379613008494569319079841339372430731965
980647970182516886570841945619570474121050989368993289079248296752830555828846073931144671884274
393101310556689803377130600841850799186530731689263591614035377934282743819035612720391303485355
033810328045693223345171172881120075588790698582389482398254544279749880248680933281917592469932
660299872071707695220510229854979997253321696280475200155426782648567517650764308462398908565488
047769750838540904238729203629735762068537892829881881185668400130315701689657048298325657626643
262845090234452928139190577429874040849073103169165789851466365377786756238887050690149955911794
588814663319252345810625284950462391500301418930839727222277587173011953750563937516697345140238
483466507746441732415219590285521102113678226237523688864411444787107564651069089132890142162188
723376321333136539497368269642963256768443656049839283676847359568395337743323389452602240533455
557138881516408218976469696043624054194460381038611753920551286135914074133309077270038504512919
420683170240412811341000861895606821575713236904755337329639636984544328233604940352904251806069
677265237675017355613944414353646989291831762634875720204745749505688329773378344047548725271567
164554201035150888116007059114986189491941724265846711771515011738292779615564637194710277246947
043883168463849460464125775132908702705058990905740810576525230358809572396323736178504754304346
306861334049769150814085573667501774260662330693092218946791553296210845483743242868292838000260
910997379780800520258286063816086332081892073394685501485808841509119077846582098401398953493095
050307050367443714845920677210003416838647572628906615983325706978312865206548652447556262821929
705166617905556359230623111237359459419059252678847249746332966460094062273123868876482275071212
402737952246892756775651709731987450720791416391007154566111443574937251001829691454919678506797
432154860667137544664167207976419807569187226007448735279147639173939324175219498165054331270940
249204456260304448483013835287526788809748105692421331838044852276463670152711368928725721995053
925362190399617182624253419664723419205353417839744782605759287289999296244837532505117376827466
649677342419861706252305552771212565543895684857628087035163990737398136558143757183919436008571
316203737832038523456619477340601588750854846405757918605480887044000148542214383409988800890701
319522589894369427625236912225084274403400991066214574931621249602884756688225449032283336478470
129550285385605722662378802600517621852625218084048294368358088008705410824215170353608653727458
281157943938037412683915523294364553887647093425264040177512848912466461050063538743329316799231
043404453893941198555483584237413979280639061814360232750228273412507936099176456913335046793459
332113148329419523195533604119357711415688656666930723505436910375390874631581187192149491760650
972715578580254458747308903875619035716375849574148568964764444738523922632497973509200544329608
463448089180493080666278548084364158420215009756088440006017799050194148334927579887839201160344
411094767138431650499787896407638167064046442820598693286196137248131800096221896348634738677403
700142387220358408979259159608199984272150534197407379346749224148837296533810293771871594779828
556797607049956944422473285994409553964286530578315290419298167820848422302500574221999546110648
810935589704192349961607592327302618558987463220898899696296097789317321103846516063643936765620
624275614039277941782377983715785992735655314148962484072638030384884883366231454165202584779258
967683028600661996563833905801991076376440453665362986952852872479745073806219337986173892363033
523676112574108529969893788754556236689019822071035949541396184843958078194277219886939814820480
298882913300456280295954285197603080303010997542652037298433618879837620246063473103004348335368
707741523249808093938884306930417639208602063095511654790245105282849799810333605330086646257958
825974940373323462872988769323290919848782706780443310489330120018440853078610136874667087890868
340737579983315707059138666323300278467227837827110028853104977400157503974842799473741746081269
398078542858043439649750102490786684852324291921733291729250510925947161136410361044021763342790
895999380571265620789333275653162573001921067027970583774953501826767547031330935005789740872587
441191743095903585002385996494060621239755965367311965900341865101248945605783673096085899318470
145900040652998215331075890548119437829197001680089417100582364230578158602610765263807866366100
341887950374215074575948107525591912295418903144415430956047154912425729017170861596699118986922
077886179932041528324721699780776156671310195652489201681188464820452795264552419062491417396216
016276692539346107228862431266648689700388296626923986191590455805839981908088939168789086681224
343956020488480767771680376383891496283515370734096791369482098298856900719120674001469666190060
268495407692173695739269697854595753243753111063026171102677331952986553865345787207528013654554
179071730265004610187365838967749623846211961415836988934498906101123566524390482212622903630107
924356696654323278278488810675302365214200351922401147516955334050288905180166765381403652118812
022819538836672273544194421730751394762947815547907735692146807283463552887248867701541202482140
791798352962462118370021341019579549002069826310136277905117240407237524001216573720059521910637
402795237661628688249082442492308121229844760152651711252045361722554748466732130102826683151012
044162202914657739163072961999632917879073241150298759140152205356870457639446792546847938225546
748301479842361026109543226276217557373396072713523503842995992343051912339927394322663527100513
132911631840760211865166513355784011113282684244618588507790398374022714115848050592554191105590
007610116295352582335174179485640658633226256750182880735349681734328951928737691774944540769174
774455832857586670254858416050477632575825542182595010745644093600780764774533623476026840307053
773904554544658229811258791398679249525476823750953902561405351795880772602466891691982246878620
147545375222599302161747496464126261208390025352478510874097185250837447099147811685879621704256
314564527833679615309557649818144664838908583295923043092056760698269697281612271944062926800749
724410076438076229848364326073608408367638977749575557837820336241719930106747766210025451240497
174995693370386046283724624224114219165131682363573679368795545100877955253080563803827599675234
692091626296370007945895408617547266940919056021193903833204491454782200478046522842177607743418
745109349136446147515067041028210670711398697895720606363985414753422239691995294081965902044438
617617798959763922771145178398926733278693649533747586667234315321037974554863378163279419700317
638408685910173520529292187021435250096011991999844015066735881056814862823746192267939347368612
836572260534209515
